
Testing:
Accuracy: 0.9116863342215454
Precision: 0.8815201192250373
Recall: 0.9418789808917197
F1-score: 0.9107005388760585
ROC AUC: 0.9754037657899993
